image_width: 640
image_height: 480
camera_name: narrow_stereo/left
camera_matrix:
  rows: 3
  cols: 3
  data: [605.20081,   0.     , 321.10765,
           0.     , 609.34289, 242.18301,
           0.     ,   0.     ,   1.     ]
distortion_model: plumb_bob
distortion_coefficients:
  rows: 1
  cols: 5
  data: [-0.121267, 0.101404, -0.001438, 0.000174, 0.000000]
rectification_matrix:
  rows: 3
  cols: 3
  data: [ 0.99184917, -0.03402667, -0.1227901 ,
          0.02787273,  0.99828436, -0.05149225,
          0.12433154,  0.04765005,  0.99109593]
projection_matrix:
  rows: 3
  cols: 4
  data: [671.00256,   0.     , 401.53069,   0.     ,
           0.     , 671.00256, 251.55273,   0.     ,
           0.     ,   0.     ,   1.     ,   0.     ]
