image_width: 640
image_height: 480
camera_name: narrow_stereo/right
camera_matrix:
  rows: 3
  cols: 3
  data: [595.52065,   0.     , 313.44157,
           0.     , 600.15853, 256.95152,
           0.     ,   0.     ,   1.     ]
distortion_model: plumb_bob
distortion_coefficients:
  rows: 1
  cols: 5
  data: [-0.124526, 0.091477, 0.003061, -0.009610, 0.000000]
rectification_matrix:
  rows: 3
  cols: 3
  data: [ 0.99523824,  0.00440228, -0.09737281,
          0.00044569,  0.99876359,  0.04970999,
          0.09747126, -0.04951668,  0.99400576]
projection_matrix:
  rows: 3
  cols: 4
  data: [671.00256,   0.     , 401.53069,  47.02514,
           0.     , 671.00256, 251.55273,   0.     ,
           0.     ,   0.     ,   1.     ,   0.     ]
