# oST version 5.0 parameters


[image]

width
640

height
480

[narrow_stereo/left]

camera matrix
605.200810 0.000000 321.107653
0.000000 609.342887 242.183008
0.000000 0.000000 1.000000

distortion
-0.121267 0.101404 -0.001438 0.000174 0.000000

rectification
0.991849 -0.034027 -0.122790
0.027873 0.998284 -0.051492
0.124332 0.047650 0.991096

projection
671.002563 0.000000 401.530693 0.000000
0.000000 671.002563 251.552729 0.000000
0.000000 0.000000 1.000000 0.000000
# oST version 5.0 parameters


[image]

width
640

height
480

[narrow_stereo/right]

camera matrix
595.520655 0.000000 313.441566
0.000000 600.158530 256.951522
0.000000 0.000000 1.000000

distortion
-0.124526 0.091477 0.003061 -0.009610 0.000000

rectification
0.995238 0.004402 -0.097373
0.000446 0.998764 0.049710
0.097471 -0.049517 0.994006

projection
671.002563 0.000000 401.530693 47.025142
0.000000 671.002563 251.552729 0.000000
0.000000 0.000000 1.000000 0.000000
